1 861 870 865 844 867 868 857 853 863
2 871 860 842 864 866 852 856 869 862
3 849 861 844 817 855 853 833 835 845
4 860 848 815 842 854 834 829 852 843
5 828 849 817 780 839 835 799 809 825
6 848 827 778 815 838 806 794 834 820
7 814 828 780 757 824 809 775 787 796
8 827 813 755 778 823 784 764 806 793
9 803 814 757 747 808 787 756 776 779
10 813 802 741 755 807 773 748 784 777
11 795 803 747 736 798 776 742 768 772
12 802 795 736 741 797 768 739 773 769
13 865 850 816 844 859 837 830 857 847
14 851 864 842 812 858 856 826 836 846
15 850 832 770 816 840 804 792 837 822
16 831 851 812 771 841 836 791 805 821
17 832 800 727 770 819 761 750 804 781
18 801 831 771 729 818 805 751 763 785
19 800 766 690 727 783 726 706 761 745
20 765 801 729 691 782 763 710 728 746
21 766 733 642 690 752 693 664 726 709
22 732 765 691 650 753 728 669 696 714
23 644 552 558 653 593 553 601 648 595
24 5 1 6 9 2 3 7 8 4
25 551 645 652 559 594 649 602 554 597
26 552 467 473 558 512 469 515 553 513
27 16 5 9 22 11 8 15 19 13
28 468 551 559 476 511 554 518 471 514
29 467 383 391 473 423 385 431 469 426
30 35 16 22 39 25 19 30 37 28
31 6 17 21 9 10 18 14 7 12
32 382 468 476 389 424 471 432 384 427
33 383 316 322 391 349 317 355 385 351
34 58 35 39 64 45 37 52 62 48
35 17 34 38 21 26 36 29 18 27
36 315 382 389 318 348 384 353 314 350
37 316 264 270 322 290 266 297 317 292
38 89 58 64 94 73 62 79 92 75
39 34 57 63 38 44 60 51 36 47
40 263 315 318 265 289 314 291 262 288
41 264 215 220 270 240 218 247 266 243
42 123 89 94 131 106 92 111 125 108
43 57 88 93 63 72 91 76 60 74
44 214 263 265 217 239 262 242 213 237
45 215 166 173 220 191 169 196 218 194
46 166 123 131 173 144 125 151 169 147
47 88 122 127 93 105 124 109 91 107
48 165 214 217 170 190 213 193 167 188
49 122 165 170 127 143 167 148 124 145
50 733 704 610 642 723 660 628 693 676
51 703 732 650 614 722 696 630 661 677
52 663 653 558 567 657 601 561 613 606
53 652 662 569 559 658 615 562 602 607
54 704 683 587 610 695 632 592 660 639
55 683 663 567 587 673 613 574 632 621
56 682 703 614 588 694 661 596 633 641
57 662 682 588 569 672 633 578 615 622
58 817 844 816 762 833 830 789 790 811
59 780 817 762 724 799 790 744 754 774
60 757 780 724 705 775 754 717 731 743
61 747 757 705 689 756 731 698 720 725
62 736 747 689 670 742 720 678 702 715
63 741 736 670 666 739 702 668 701 700
64 755 741 666 680 748 701 674 719 713
65 778 755 680 718 764 719 699 749 730
66 842 815 758 812 829 788 786 826 810
67 815 778 718 758 794 749 738 788 767
68 771 812 758 712 791 786 735 740 759
69 729 771 712 659 751 740 688 697 721
70 816 770 707 762 792 737 734 789 760
71 770 727 651 707 750 692 681 737 716
72 691 729 659 605 710 697 631 643 671
73 727 690 599 651 706 638 625 692 665
74 558 473 487 567 515 479 526 561 521
75 473 391 405 487 431 395 444 479 439
76 476 559 569 486 518 562 527 480 522
77 389 476 486 400 432 480 442 392 437
78 650 691 605 565 669 643 584 604 626
79 318 389 400 330 353 392 361 323 357
80 265 318 330 274 291 323 299 268 295
81 690 642 560 599 664 600 579 638 619
82 217 265 274 224 242 268 249 219 246
83 391 322 334 405 355 329 365 395 360
84 322 270 278 334 297 275 305 329 300
85 270 220 230 278 247 226 254 275 251
86 170 217 224 176 193 219 198 174 195
87 220 173 182 230 196 175 206 226 199
88 9 21 31 22 14 23 24 15 20
89 127 170 176 137 148 174 156 133 153
90 93 127 137 101 109 133 118 97 113
91 63 93 101 70 76 97 84 66 82
92 38 63 70 49 51 66 59 42 53
93 21 38 49 31 29 42 40 23 32
94 614 650 565 530 630 604 547 571 586
95 588 614 530 499 596 571 519 545 557
96 569 588 499 486 578 545 495 527 534
97 642 610 529 560 628 570 541 600 583
98 610 587 500 529 592 542 517 570 555
99 587 567 487 500 574 526 496 542 533
100 39 22 31 50 30 24 41 43 33
101 64 39 50 71 52 43 61 67 54
102 94 64 71 102 79 67 85 98 83
103 173 131 139 182 151 135 158 175 155
104 131 94 102 139 111 98 121 135 115
105 724 762 707 636 744 734 675 687 711
106 705 724 636 656 717 687 646 684 686
107 689 705 656 618 698 684 634 655 667
108 758 718 640 712 738 685 679 735 708
109 718 680 573 640 699 627 609 685 654
110 680 666 580 573 674 620 577 627 623
111 670 689 618 589 678 655 603 629 635
112 666 670 589 580 668 629 582 620 624
113 400 486 499 415 442 495 461 407 450
114 330 400 415 338 361 407 375 335 367
115 499 530 446 415 519 491 433 461 475
116 487 405 419 500 444 410 462 496 453
117 405 334 346 419 365 337 381 410 372
118 659 712 640 581 688 679 612 617 647
119 605 659 581 531 631 617 556 566 591
120 50 31 49 65 41 40 55 56 46
121 529 500 419 451 517 462 438 493 477
122 334 278 296 346 305 286 319 337 311
123 560 529 451 489 541 493 464 524 501
124 49 70 87 65 59 80 77 55 68
125 70 101 119 87 84 110 103 80 95
126 71 50 65 90 61 56 78 81 69
127 278 230 248 296 254 236 271 286 259
128 599 560 489 528 579 524 503 563 538
129 651 599 528 575 625 563 550 611 585
130 707 651 575 636 681 611 608 675 637
131 102 71 90 120 85 81 104 112 96
132 139 102 120 157 121 112 138 149 128
133 230 182 200 248 206 189 225 236 212
134 182 139 157 200 158 149 177 189 168
135 101 137 154 119 118 140 136 110 126
136 137 176 186 154 156 183 172 140 162
137 176 224 231 186 198 229 209 183 205
138 274 330 338 282 299 335 310 276 304
139 224 274 282 231 249 276 255 229 253
140 530 565 488 446 547 525 463 491 502
141 565 605 531 488 584 566 507 525 546
142 451 419 346 374 438 381 363 411 398
143 346 296 312 374 319 306 340 363 332
144 446 488 402 364 463 443 378 406 417
145 415 446 364 338 433 406 352 375 387
146 65 87 114 90 77 99 100 78 86
147 87 119 142 114 103 132 129 99 116
148 119 154 180 142 136 164 159 132 150
149 154 186 203 180 172 197 192 164 178
150 120 90 114 146 104 100 130 134 117
151 459 402 488 531 429 443 507 497 465
152 531 581 516 459 556 549 490 497 523
153 581 640 573 516 612 609 544 549 576
154 296 248 272 312 271 256 293 306 280
155 248 200 228 272 225 210 250 256 233
156 200 157 185 228 177 171 204 210 187
157 157 120 146 185 138 134 163 171 152
158 489 451 374 413 464 411 393 448 430
159 528 489 413 458 503 448 436 494 470
160 282 338 364 298 310 352 331 287 313
161 186 231 241 203 209 234 223 197 216
162 575 528 458 510 550 494 485 539 520
163 636 575 510 564 608 539 536 598 572
164 656 636 564 618 646 598 590 634 616
165 589 618 564 508 603 590 535 548 568
166 580 589 508 506 582 548 505 540 543
167 114 142 181 146 129 160 161 130 141
168 506 508 440 457 505 474 447 484 478
169 580 506 492 573 540 498 532 577 537
170 185 146 181 221 163 161 201 202 179
171 516 573 492 449 544 532 466 482 504
172 459 516 449 394 490 482 416 422 454
173 374 312 347 413 340 333 376 393 362
174 458 413 347 399 436 376 371 425 403
175 312 272 303 347 293 285 326 333 308
176 510 458 399 456 485 425 421 483 455
177 564 510 456 508 536 483 481 535 509
178 272 228 257 303 250 244 281 285 261
179 228 185 221 257 204 202 238 244 222
180 364 402 321 298 378 359 309 331 339
181 402 459 394 321 429 422 356 359 390
182 282 298 241 231 287 269 234 255 260
183 180 203 241 232 192 223 235 208 211
184 142 180 232 181 159 208 207 160 184
185 241 298 321 232 269 309 277 235 273
186 492 506 457 434 498 484 445 460 472
187 449 492 434 397 466 460 414 418 441
188 457 440 386 434 447 412 408 445 428
189 440 508 456 409 474 481 435 420 452
190 399 347 303 354 371 326 328 373 343
191 456 399 354 409 421 373 377 435 404
192 394 449 397 369 416 418 380 379 401
193 321 394 369 324 356 379 342 320 345
194 303 257 302 354 281 279 327 328 301
195 221 181 232 267 201 207 252 245 227
196 257 221 267 302 238 245 283 279 258
197 232 321 324 267 277 320 294 252 284
198 369 397 344 324 380 370 336 342 358
199 397 434 386 344 414 408 366 370 388
200 386 440 409 354 412 420 377 368 396
201 267 324 344 302 294 336 325 283 307
202 354 302 344 386 327 325 366 368 341