   1            1000            1000               0
    2            1000      964.285714               0
    3      964.285714            1000               0
    4      964.389265      964.385104               0
    5            1000      928.571429               0
    6      928.571429            1000               0
    7      928.778531      964.484493               0
    8      964.492817      928.770207               0
    9      928.985633      928.968986               0
   10      892.857143            1000               0
   11            1000      892.857143               0
   12      893.107426       964.60074               0
   13       964.49407      893.095243               0
   14      893.357708      929.201481               0
   15       928.98814      893.333344               0
   16            1000      857.142857               0
   17      857.142857            1000               0
   18       857.43632      964.716988               0
   19      964.495324      857.420279               0
   20      893.255839      893.478431               0
   21      857.729783      929.433976               0
   22      928.990648      857.697701               0
   23      857.523537      893.623518               0
   24      893.153969      857.755381               0
   25            1000      821.428571               0
   26      821.428571            1000               0
   27        821.7778      964.920847               0
   28      964.465681      821.600023               0
   29      822.127029      929.841693               0
   30      928.931363      821.771474               0
   31      857.317291       857.81306               0
   32      821.769206      894.178404               0
   33      892.983541       821.96986               0
   34      785.714286            1000               0
   35            1000      785.714286               0
   36       786.11928      965.124705               0
   37      964.436039      785.779766               0
   38      786.524274       930.24941               0
   39      928.872078      785.845246               0
   40      821.411383      858.515116               0
   41      857.035719      822.168246               0
   42      786.014875      894.733291               0
   43      892.813113      786.184339               0
   44             750            1000               0
   45            1000             750               0
   46       821.02586      822.882366               0
   47       750.35263      965.252683               0
   48      964.339622      749.879481               0
   49      785.505476      859.217171               0
   50      856.754148      786.523431               0
   51      750.705261      930.505365               0
   52      928.679243      749.758963               0
   53      750.142453      895.264579               0
   54      892.603333      750.125244               0
   55         785.016      823.596486               0
   56      820.640336      787.249616               0
   57      714.285714            1000               0
   58            1000      714.285714               0
   59      749.579645      860.023792               0
   60      714.585981       965.38066               0
   61      856.527423      750.491525               0
   62      964.243204      713.979197               0
   63      714.886248       930.76132               0
   64      928.486408       713.67268               0
   65      784.526524        787.9758               0
   66      714.270031      895.795866               0
   67      892.393554      714.066149               0
   68      748.769384      824.528952               0
   69      820.014553      751.123076               0
   70      713.653815      860.830413               0
   71      856.300699      714.459618               0
   72      678.571429            1000               0
   73            1000      678.571429               0
   74       678.80914      965.638736               0
   75      964.330574       678.17178               0
   76      679.046852      931.277472               0
   77      747.959122      789.034112               0
   78      783.501684      751.754628               0
   79      928.661147       677.77213               0
   80      712.522768      825.461418               0
   81      819.388771      714.996537               0
   82      678.380137        896.6215               0
   83      892.547316       677.93154               0
   84      677.713422      861.965528               0
   85      856.433485      678.090949               0
   86      746.190242      752.849015               0
   87       711.39172      790.092423               0
   88      642.857143            1000               0
   89            1000      642.857143               0
   90      782.476843      715.533456               0
   91        643.0323      965.896812               0
   92      964.417943      642.364362               0
   93      643.207457      931.793625               0
   94      928.835886      641.871581               0
   95      676.025778      826.961333               0
   96      819.127907      678.410278               0
   97      642.490244      897.447134               0
   98      892.701078       641.79693               0
   99      708.878799      753.943403               0
  100      744.421361      716.663919               0
  101       641.77303      863.100643               0
  102       856.56627       641.72228               0
  103      674.338133      791.957139               0
  104      781.822329      678.729607               0
  105      607.142857            1000               0
  106            1000      607.142857               0
  107      607.387519      966.192483               0
  108       964.47297      606.523239               0
  109       607.63218      932.384967               0
  110      639.528788      828.461249               0
  111       928.94594       605.90362               0
  112      818.867043      641.824019               0
  113      606.935116      898.501214               0
  114      706.365878      717.794383               0
  115        892.6772      605.615929               0
  116      670.678317      756.162496               0
  117      742.750068      679.613858               0
  118      606.238051      864.617461               0
  119      637.284545      793.821854               0
  120      781.167815      641.925758               0
  121      856.408459      605.328237               0
  122      571.428571            1000               0
  123            1000      571.428571               0
  124      571.742738      966.488154               0
  125      964.527997      570.682115               0
  126      603.788077      830.720063               0
  127      572.056904      932.976308               0
  128      818.922264        605.1048               0
  129      667.018502      720.367853               0
  130      703.677808       680.49811               0
  131      929.055994      569.935659               0
  132      632.477836      758.381589               0
  133      571.379988      899.555294               0
  134      741.078776      642.563797               0
  135      892.653321      569.434927               0
  136      601.338104      796.822664               0
  137      570.703072      866.134279               0
  138      781.436069      604.881362               0
  139      856.250648      568.934195               0
  140      568.047367      832.978877               0
  141      662.131749       682.81054               0
  142      627.671126      722.941323               0
  143      535.714286            1000               0
  144            1000      535.714286               0
  145      536.362476      966.701236               0
  146      700.989737      643.201837               0
  147      964.577128      534.881918               0
  148      537.010667      933.402471               0
  149      818.977485      568.385581               0
  150       595.34114      762.578667               0
  151      929.154256      534.049551               0
  152      741.575874      604.883566               0
  153      536.608117       900.22881               0
  154      565.391662      799.823474               0
  155      893.058791      533.318793               0
  156      536.205566      867.055149               0
  157      781.704322      567.836967               0
  158      856.963327      532.588035               0
  159      589.344177      728.334671               0
  160       620.58569      685.122971               0
  161      657.244995      645.253228               0
  162      534.879407      834.840018               0
  163      701.715679       604.88577               0
  164      558.204445      766.775746               0
  165             500            1000               0
  166            1000             500               0
  167      500.982215      966.914317               0
  168      819.917839      531.797743               0
  169      964.626259      499.081722               0
  170      501.964431      933.828634               0
  171      742.072971      567.203335               0
  172      533.553247      802.624886               0
  173      929.252517      498.163443               0
  174      501.836245      900.902327               0
  175      893.464261      497.202659               0
  176       501.70806      867.976019               0
  177      782.872351      531.007451               0
  178       530.21838       773.80428               0
  179      658.473835      605.662364               0
  180      551.017228      733.728018               0
  181      613.500253      647.304618               0
  182      857.676006      496.241876               0
  183      501.711446      836.701159               0
  184      575.141257      690.368994               0
  185       702.44162      566.569703               0
  186      501.714832      805.426298               0
  187      743.622247       530.00046               0
  188      465.435073      966.590873               0
  189      820.858192      495.209906               0
  190      464.285714            1000               0
  191            1000      464.285714               0
  192      526.883512      744.983675               0
  193      466.584432      933.181746               0
  194      964.882647      463.302777               0
  195      467.207152      899.867682               0
  196      929.765293       462.31984               0
  197      502.232315      780.832814               0
  198      467.829873      866.553618               0
  199      894.120536      461.307159               0
  200      784.040379      494.177936               0
  201      615.231992      606.438958               0
  202      659.702676        566.0715               0
  203      502.749797      756.239331               0
  204      704.372143      528.993468               0
  205      469.040772      834.052943               0
  206      858.475779      460.294479               0
  207      560.938336      652.403317               0
  208      529.696824      695.615017               0
  209      470.251672      801.552268               0
  210      745.171522      492.797585               0
  211      504.525583      719.465791               0
  212      821.757252      459.146758               0
  213      429.887931      966.267429               0
  214      428.571429            1000               0
  215            1000      428.571429               0
  216      474.803007      772.434416               0
  217      431.204433      932.534857               0
  218      965.139034      427.523833               0
  219      432.578059      898.833037               0
  220      930.278069      426.476238               0
  221      616.963731      565.573297               0
  222      662.451912      527.836651               0
  223      479.354343      743.316564               0
  224      433.951686      865.131217               0
  225      785.038725      457.999038               0
  226      894.776811       425.41166               0
  227      566.542611      607.949886               0
  228      706.302665      491.417234               0
  229      436.370099      831.404728               0
  230      859.275552      424.347082               0
  231      438.788512      797.678238               0
  232      508.376419      657.502016               0
  233      746.817532       456.42302               0
  234        447.3737      764.036018               0
  235      482.167654      693.947907               0
  236      822.656311      423.083611               0
  237      394.312226      965.928609               0
  238      620.531681      526.679834               0
  239      392.857143            1000               0
  240            1000      392.857143               0
  241      455.958889      730.393797               0
  242      395.767309      931.857217               0
  243      965.239211      391.930728               0
  244      665.201148      489.601802               0
  245      572.146885      563.496454               0
  246       397.14111      897.495539               0
  247      930.478421      391.004313               0
  248       786.03707       421.82014               0
  249       398.51491      863.133861               0
  250      708.596339      454.847001               0
  251      895.128491      389.923818               0
  252      517.853229      609.460813               0
  253       400.79494       828.24243               0
  254      859.778561      388.843324               0
  255       403.07497      793.350998               0
  256      748.463542      420.048455               0
  257      624.099631       487.78637               0
  258      576.812802      524.399743               0
  259      823.403795      387.576963               0
  260      409.780515      757.037705               0
  261      667.572292      452.689016               0
  262      358.736521      965.589789               0
  263      357.142857            1000               0
  264            1000      357.142857               0
  265      360.330185      931.179578               0
  266      965.339387      356.337622               0
  267      527.330039       561.41961               0
  268       361.70416      896.158042               0
  269      416.486061      720.724412               0
  270      930.678774      355.532387               0
  271      787.029028      386.310603               0
  272      710.890014      418.276769               0
  273      433.735212      678.600498               0
  274      363.078134      861.136505               0
  275      895.480172      354.435977               0
  276      365.219781      825.080132               0
  277      450.984363      636.476584               0
  278      860.281571      353.339566               0
  279       581.47872      485.303032               0
  280      750.080448      384.518647               0
  281      626.548245      450.531032               0
  282      367.361427      789.023759               0
  283      533.093924      522.119652               0
  284      468.518709      594.272065               0
  285      669.943436      415.776231               0
  286      824.151278      352.070315               0
  287       372.18733      750.039393               0
  288      322.727845      965.252799               0
  289      321.428571            1000               0
  290            1000      321.428571               0
  291      324.027119      930.505598               0
  292      965.214821      320.780246               0
  293      713.131867      382.726691               0
  294      486.053055      552.067546               0
  295      325.254932      895.241819               0
  296      788.020985      350.801065               0
  297      930.429642      320.131921               0
  298      377.013233      711.055028               0
  299      326.482745       859.97804               0
  300      895.166837      319.174547               0
  301      582.561395      447.092804               0
  302      538.857808      482.819693               0
  303      628.996859      413.275693               0
  304      328.003798      823.679306               0
  305      859.904031      318.217172               0
  306      751.697353      348.988839               0
  307      493.410273      516.829277               0
  308      673.698491      380.313416               0
  309       385.30277      663.253089               0
  310      329.524851      787.380572               0
  311      824.083949      317.115531               0
  312      715.373721      347.176613               0
  313      332.274119      748.763813               0
  314      286.719169      964.915809               0
  315      285.714286            1000               0
  316            1000      285.714286               0
  317      965.090255      285.222871               0
  318      287.724052      929.831619               0
  319      788.263868       316.01389               0
  320      419.184189      579.083316               0
  321      393.592306      615.451151               0
  322       930.18051      284.731455               0
  323      288.805704      894.325597               0
  324      444.776071      542.715481               0
  325       500.76749      481.591008               0
  326      634.265114       377.90014               0
  327      538.574545      443.654577               0
  328      583.644071      408.882577               0
  329      894.853501      283.913117               0
  330      289.887357      858.819575               0
  331      335.023388      710.147054               0
  332      752.044699       314.16031               0
  333      677.453546        344.8506               0
  334      859.526491      283.094778               0
  335      290.787816       822.27848               0
  336      453.726622      511.538902               0
  337      824.016621      282.160746               0
  338      291.688275      785.737385               0
  339      339.045455      666.028375               0
  340      715.825529       312.30673               0
  341      501.155443      447.532771               0
  342      421.617521      531.075497               0
  343      592.323617      373.812165               0
  344      462.677172      480.362322               0
  345      397.378493      554.971452               0
  346      788.506751      281.226714               0
  347       639.53337      342.524588               0
  348             250            1000               0
  349            1000             250               0
  350      250.672108      964.789735               0
  351      964.974422      249.694804               0
  352      292.360908      747.488232               0
  353      251.344215      929.579471               0
  354      538.291283      404.489461               0
  355      929.948843      249.389609               0
  356      373.139466      578.867407               0
  357      252.052774      893.887155               0
  358      426.898543      504.823471               0
  359      343.067523      621.909697               0
  360      894.558868       248.54384               0
  361      252.761333       858.19484               0
  362      678.762364      310.170539               0
  363      752.392044      279.331781               0
  364      293.033542       709.23908               0
  365      859.168892      247.698071               0
  366       463.73634      451.410966               0
  367      253.124245      821.714335               0
  368      501.543395      413.474535               0
  369       398.45897      519.435513               0
  370      432.179565      478.571445               0
  371      601.003163      338.741754               0
  372      823.731505      246.808654               0
  373      550.382119       369.72419               0
  374      716.277338      277.436847               0
  375      253.487157       785.23383               0
  376      641.699198      308.034348               0
  377      517.312283      386.711427               0
  378      292.788141      668.803661               0
  379      375.572798      530.859588               0
  380      400.070464      498.108041               0
  381      788.294118      245.919238               0
  382      214.285714            1000               0
  383            1000      214.285714               0
  384      214.625047      964.663661               0
  385      964.858588      214.166738               0
  386      464.795507      422.459609               0
  387      253.461985      747.494708               0
  388      433.571578      451.933139               0
  389      214.964379      929.327323               0
  390      329.305209       585.03462               0
  391      929.717176      214.047762               0
  392      215.299844      893.448714               0
  393      680.071182      275.490477               0
  394      352.686625      542.283663               0
  395      894.264235      213.174563               0
  396      487.291219      393.432914               0
  397      401.681958      476.780569               0
  398      752.205748      244.338731               0
  399      562.472956       334.95892               0
  400      215.635309      857.570105               0
  401      373.280903      504.678078               0
  402       292.54274      628.368243               0
  403       604.24369      304.846931               0
  404      522.901027      357.873742               0
  405      858.811293      212.301364               0
  406      253.436814      709.755585               0
  407      215.460674       821.15019               0
  408      434.963591      425.294833               0
  409      496.333283      368.933392               0
  410      823.446389      211.456563               0
  411      716.117377      242.758225               0
  412      457.270156      400.154401               0
  413      643.865027      273.544108               0
  414      403.406816      452.455313               0
  415      215.286039      784.730276               0
  416      346.491342      511.248114               0
  417       252.15269      670.954158               0
  418      370.989008      478.496567               0
  419      788.081486      210.611762               0
  420      473.039044      373.391293               0
  421      528.489772      329.036058               0
  422      315.542896      548.159544               0
  423            1000      178.571429               0
  424      178.571429            1000               0
  425      566.788182      301.659514               0
  426      964.660686      178.595299               0
  427      178.588556      964.534795               0
  428      432.115955      405.186989               0
  429      285.470953      591.201834               0
  430      680.058978      241.072015               0
  431      929.321371      178.619169               0
  432      178.605682      929.069591               0
  433      214.563062      747.501183               0
  434      405.131674      428.130058               0
  435      495.419936      346.023294               0
  436      607.484218      270.952108               0
  437      178.679178       893.10359               0
  438      752.019451      209.345682               0
  439      893.843514      177.747715               0
  440      449.744805      377.849193               0
  441      373.091772      451.523537               0
  442      178.752674       857.13759               0
  443      250.868565      632.152731               0
  444      858.365656       176.87626               0
  445      406.961754      410.219576               0
  446      213.840085      710.272091               0
  447      429.268319      385.079144               0
  448      644.000578      239.385805               0
  449      340.296059      480.212565               0
  450      178.516307      820.689192               0
  451      715.957417      208.079603               0
  452      464.917286      349.068311               0
  453      822.783053      176.112402               0
  454      309.901601      515.011042               0
  455      532.054651      297.153808               0
  456      494.506589      323.113196               0
  457      408.791834      392.309095               0
  458      571.103409      268.360108               0
  459      278.399166      554.035424               0
  460      375.194536      424.550508               0
  461       178.27994      784.240795               0
  462       787.20045      175.348544               0
  463      211.517238      673.104655               0
  464      680.046773      206.653552               0
  465      245.652811      595.362993               0
  466      342.776729      450.591762               0
  467            1000      142.857143               0
  468      142.857143            1000               0
  469      964.462783       143.02386               0
  470      607.969065      237.077574               0
  471      142.552064       964.40593               0
  472      382.628993      403.344082               0
  473      928.925566      143.190577               0
  474      434.414636      352.113328               0
  475      177.314789      747.398222               0
  476      142.246986      928.811859               0
  477      751.145421       174.37598               0
  478      412.239043      367.125492               0
  479      893.422793      142.320866               0
  480      142.058512      892.758467               0
  481      456.795528      324.745329               0
  482      304.260307      481.862539               0
  483      497.321119      292.648102               0
  484      390.063449      382.137655               0
  485      535.619529      265.271559               0
  486      141.870038      856.705074               0
  487      857.920019      141.451155               0
  488      209.194391      635.937219               0
  489       644.13613      205.227502               0
  490       273.31186      518.773969               0
  491      176.349637      710.555648               0
  492      345.257398      420.970958               0
  493      715.090391      173.403416               0
  494      571.937552      234.769342               0
  495       141.57194      820.228195               0
  496      822.119716      140.768241               0
  497      240.437056      558.573255               0
  498      358.296232      396.468587               0
  499      141.273841      783.751315               0
  500      786.319414      140.085327               0
  501        679.3769      172.240261               0
  502      174.302716      673.920438               0
  503      608.453912      203.203039               0
  504      304.470213      447.322303               0
  505      395.209766       349.17184               0
  506      371.335065      371.966216               0
  507      205.834669      599.524152               0
  508      419.084468      326.377463               0
  509      460.536982      292.461945               0
  510      500.135649      262.183009               0
  511      107.142857            1000               0
  512            1000      107.142857               0
  513      964.121719      107.324775               0
  514      106.857346      964.213569               0
  515      928.243438      107.506692               0
  516      268.224555      483.512513               0
  517       750.27139      139.406278               0
  518      106.571834      928.427138               0
  519      140.066515       747.29526               0
  520       535.94444      231.855982               0
  521      892.541336      106.809677               0
  522      106.368853      892.194866               0
  523        235.7138       523.63082               0
  524      643.663409      171.077106               0
  525      172.255795      637.285229               0
  526      856.839234      106.112661               0
  527      106.165872      855.962593               0
  528      572.771695      201.178576               0
  529      714.223366      138.727229               0
  530      138.859189      710.839206               0
  531      202.474947      563.111085               0
  532      304.680119      412.782067               0
  533      820.862684      105.576559               0
  534      105.671421      819.601801               0
  535      423.752845      292.275788               0
  536      464.278435      260.178561               0
  537      322.676683      386.238865               0
  538      608.179487      169.291411               0
  539      499.951328      228.942621               0
  540      340.673248      359.695664               0
  541      678.707027       137.82697               0
  542      784.886134      105.040456               0
  543      362.140397      336.307662               0
  544      266.163697      444.052845               0
  545      105.176971      783.241009               0
  546      169.539612      601.410618               0
  547      137.088194      674.736222               0
  548      383.607546      312.919659               0
  549      230.990543      488.688386               0
  550      536.269351      198.440405               0
  551      71.4285714            1000               0
  552            1000      71.4285714               0
  553      963.780655      71.6256898               0
  554      71.1626271      964.021208               0
  555      748.906453      104.482747               0
  556      198.115739      528.487672               0
  557      104.483436      746.724657               0
  558       927.56131      71.8228081               0
  559      70.8966827      928.042417               0
  560      643.190688      136.926711               0
  561      891.659879      71.2984874               0
  562       70.679194      891.631264               0
  563      572.695565      167.505716               0
  564      428.421221      258.174113               0
  565      135.317198      638.633238               0
  566      166.823429      565.536007               0
  567      855.758448      70.7741666               0
  568      390.929806      283.467115               0
  569      70.4617052      855.220112               0
  570      712.926771      103.925038               0
  571      103.789901      710.208305               0
  572      462.599402      226.351725               0
  573       264.10284      404.593176               0
  574      819.605651      70.3848759               0
  575      499.767007      195.702233               0
  576      227.270003      451.973288               0
  577      287.057135      376.009144               0
  578      69.7709024      818.975408               0
  579      607.905061      135.379784               0
  580       310.01143      347.425111               0
  581      193.756532      493.864259               0
  582      329.071027      323.443484               0
  583       677.37107      103.247445               0
  584      133.244555      603.297083               0
  585      537.235117      164.945357               0
  586      102.460039      674.246263               0
  587      783.452855      69.9955851               0
  588      69.0800996      782.730704               0
  589      348.130624      299.461856               0
  590      398.252066       254.01457               0
  591      163.257495      531.400307               0
  592      747.541515       69.559216               0
  593            1000      35.7142857               0
  594      35.7142857            1000               0
  595      963.565609      35.8128449               0
  596      68.9003557      746.154055               0
  597      35.5813135      963.685886               0
  598      425.247475       223.76083               0
  599      572.619435      133.832856               0
  600      641.815369      102.569853               0
  601      927.131218      35.9114041               0
  602      35.4483414      927.371772               0
  603      358.106767      274.658442               0
  604      101.130178      638.284221               0
  605      131.171911      567.960929               0
  606      890.855785      35.6492437               0
  607       35.339597      890.841477               0
  608      460.920368       192.52489               0
  609      223.549462       415.25819               0
  610      711.630176      69.1228468               0
  611      501.774669      162.384998               0
  612      188.376308      459.893731               0
  613      854.580351      35.3870833               0
  614      68.7206118      709.577405               0
  615      35.2308526      854.311183               0
  616      398.803082      227.171021               0
  617      159.691562      497.264607               0
  618       368.08291      249.855028               0
  619      606.782307      101.289143               0
  620      283.863647      328.694257               0
  621      818.179234      35.1924379               0
  622      34.8854512      817.864112               0
  623       261.70863      351.897073               0
  624      302.230531      306.932608               0
  625      538.200883       131.45031               0
  626      99.6174224      603.191117               0
  627      239.553613      375.099889               0
  628      676.035113      68.6679211               0
  629      320.597414      285.170959               0
  630      67.8318849      673.756305               0
  631      128.399252      534.312942               0
  632      781.778117      34.9977926               0
  633      34.5400498      781.417042               0
  634      372.358688      230.581213               0
  635      332.105767      262.668423               0
  636      422.073729      189.347547               0
  637      465.905111      158.761826               0
  638      571.749245      100.008434               0
  639      745.497729       34.779608               0
  640      182.996084      425.923203               0
  641      34.4501779      744.803999               0
  642      640.440049      68.2129953               0
  643      98.1046668      568.098012               0
  644            1000               0               0
  645               0            1000               0
  646      399.354098      200.327472               0
  647        155.2437      464.503867               0
  648      963.350563               0               0
  649               0      963.350563               0
  650       66.943158      637.935205               0
  651      503.782331      129.067764               0
  652               0      926.701127               0
  653      926.701127               0               0
  654      205.622507      386.107023               0
  655       343.61412      240.165887               0
  656      376.634466      211.307398               0
  657       890.05169               0               0
  658               0       890.05169               0
  659      125.626592      500.664955               0
  660      709.217342      34.5614234               0
  661      34.3603059      708.190956               0
  662               0      853.402253               0
  663      853.402253               0               0
  664      605.659552      67.1985031               0
  665      538.130513      98.1475531               0
  666      257.715864      309.963403               0
  667      350.866658      221.144484               0
  668      275.390034      290.421732               0
  669      65.9902901       603.08515               0
  670      293.064205      270.880061               0
  671       95.962231      535.089756               0
  672               0      816.752817               0
  673      816.752817               0               0
  674      236.360125      327.785002               0
  675      430.035554      155.138653               0
  676      673.095091      34.3339605               0
  677      33.9159424      671.955688               0
  678      306.104768      250.678404               0
  679      150.795838      431.743126               0
  680      215.004387      345.606601               0
  681      470.889854      124.998761               0
  682               0       780.10338               0
  683       780.10338               0               0
  684      358.119196      202.123082               0
  685      171.691401      397.114157               0
  686      375.923062      187.369442               0
  687      393.726928      172.615802               0
  688      122.111092      469.114003               0
  689       319.14533      230.476746               0
  690      570.879056      66.1840109               0
  691      65.0374221      568.235096               0
  692      504.511781      96.2866725               0
  693      636.972841      34.1064977               0
  694               0      743.453943               0
  695      743.453943               0               0
  696       33.471579      635.720419               0
  697      93.8197952        502.0815               0
  698      329.374628      211.707756               0
  699      187.695552      356.955856               0
  700      254.078483      273.343296               0
  701      236.983111      291.047155               0
  702      271.173854      255.639437               0
  703               0      706.804507               0
  704      706.804507               0               0
  705      339.603925      192.938765               0
  706      538.060144      64.8447961               0
  707      437.997378      120.929758               0
  708      142.095782      403.424751               0
  709      602.493113      33.5992516               0
  710      63.5252103      535.866571               0
  711      401.709488      142.759586               0
  712      118.595592       437.56305               0
  713      216.954225      306.641876               0
  714       32.995145      601.205912               0
  715      284.295122      237.051974               0
  716      472.820267      93.0684134               0
  717      352.492026      174.411411               0
  718      160.386717      368.305112               0
  719      196.925339      322.236597               0
  720      297.416389      218.464512               0
  721      91.2655204      471.441567               0
  722               0       670.15507               0
  723       670.15507               0               0
  724      365.380127      155.884057               0
  725      308.165548      200.252135               0
  726      568.013385      33.0920055               0
  727      505.241231      63.5055812               0
  728      32.5187111      566.691405               0
  729      62.0129985      503.498045               0
  730      172.662736      332.990128               0
  731      318.914706      182.039757               0
  732               0      633.505633               0
  733      633.505633               0               0
  734      409.692048       112.90337               0
  735      112.500163      409.735345               0
  736      249.283503      240.398812               0
  737      441.128754      89.8501543               0
  738      133.395725      375.106376               0
  739      232.766931      256.264859               0
  740      88.7112455      440.801634               0
  741      216.250359      272.130907               0
  742      262.485476      223.425545               0
  743      330.399581      163.273449               0
  744      373.383422      130.380519               0
  745      535.827853       32.422398               0
  746      31.7626052      534.731066               0
  747      275.687448      206.452278               0
  748      197.548325       285.49875               0
  749      148.400133      343.743659               0
  750       474.75068      61.1380657               0
  751      60.4199485      473.769132               0
  752      599.326674               0               0
  753               0      599.326674               0
  754      341.884456      144.507141               0
  755      178.846291      298.866593               0
  756      286.956467      188.796513               0
  757      298.225486      171.140749               0
  758      106.404733       381.90764               0
  759      84.1955982      413.248595               0
  760      413.273324      84.1706283               0
  761       503.64232      31.7527906               0
  762      381.386717      104.876982               0
  763      31.0064992      502.770727               0
  764      157.629919      309.024399               0
  765               0      565.147714               0
  766      565.147714               0               0
  767      123.705293      350.447061               0
  768      230.707751      226.265406               0
  769      215.073565      240.666921               0
  770      444.260129      58.7705502               0
  771      58.8268986      444.040219               0
  772      243.777229      210.402872               0
  773      199.439378      255.068436               0
  774      349.393915      120.943359               0
  775      308.307136      152.135487               0
  776      256.846707      194.540338               0
  777      181.931256      267.202763               0
  778      136.413548      319.182205               0
  779      267.931622       177.55535               0
  780      318.388786      133.130225               0
  781       473.92151      30.5690329               0
  782               0      533.595562               0
  783      533.595562               0               0
  784      164.423133      279.337089               0
  785      30.2099743      473.430735               0
  786      79.6799509      385.695555               0
  787      279.016536      160.570362               0
  788       99.010453      357.150464               0
  789      385.417894      78.4911022               0
  790      356.903373      97.3795761               0
  791      55.8910339      416.761845               0
  792        416.8546      55.4378866               0
  793      145.016206      288.755053               0
  794      114.014861      325.787747               0
  795         212.132         212.132               0
  796      288.396422       142.26899               0
  797      197.803712      225.551907               0
  798      225.551907      197.803712               0
  799      325.404408      111.506198               0
  800      502.043409               0               0
  801               0      502.043409               0
  802      182.628398      238.005966               0
  803      238.005966      182.628398               0
  804      444.200699      29.3852751               0
  805      29.4134493      444.090743               0
  806       125.60928      298.173017               0
  807      166.671042      249.440848               0
  808      249.440848      166.671042               0
  809      297.776307      123.967618               0
  810      74.3912802      361.115721               0
  811      360.929106      73.1134787               0
  812      52.9551692      389.483471               0
  813      149.999975      259.807586               0
  814      259.807586      149.999975               0
  815      91.6161734      332.393289               0
  816      389.449071      52.1052229               0
  817      332.420029      89.8821706               0
  818               0      473.092339               0
  819      473.092339               0               0
  820      105.120109      304.629262               0
  821      27.9455169      417.243125               0
  822      417.289503      27.7189433               0
  823      132.686585      269.061789               0
  824      269.061789      132.686585               0
  825      304.437592      103.865777               0
  826      49.7721073      365.080977               0
  827      114.805011      277.163828               0
  828      277.163828      114.805011               0
  829      69.1026094      336.535886               0
  830      364.954838      48.8473813               0
  831               0      444.141268               0
  832      444.141268               0               0
  833      336.440317      67.7358552               0
  834      84.6309378      311.085506               0
  835      311.098876      83.7639364               0
  836      26.4775846      390.395506               0
  837      390.378307      26.0526115               0
  838      96.4318248      284.079011               0
  839      284.079011      96.4318248               0
  840      417.724405               0               0
  841               0      417.724405               0
  842      46.5890455      340.678483               0
  843      63.7521934      315.070735               0
  844      340.460605      45.5895397               0
  845      315.022951      63.0688162               0
  846      24.8860537      366.203158               0
  847      366.140089      24.4236907               0
  848      77.6457021      289.777724               0
  849      289.777724      77.6457021               0
  850      391.307542               0               0
  851               0      391.307542               0
  852       42.873449      319.055964               0
  853      318.947025      42.3736961               0
  854      58.5270885      294.235565               0
  855      294.235565      58.5270884               0
  856      23.2945227       342.01081               0
  857      341.901871      22.7947698               0
  858               0       367.32534               0
  859       367.32534               0               0
  860      39.1578526      297.433445               0
  861      297.433445      39.1578526               0
  862      21.4367245      320.363766               0
  863      320.309297      21.1868481               0
  864               0      343.343137               0
  865      343.343137               0               0
  866      19.6209364       299.35767               0
  867       299.35767      19.6209364               0
  868      321.671569               0               0
  869               0      321.671569               0
  870             300               0               0
  871               0             300               0